#pressure (bar)	 temperature (K)
1.020742e-06	1.046092e+03
1.113377e-06	1.048096e+03
1.214036e-06	1.050100e+03
1.323372e-06	1.052104e+03
1.442143e-06	1.054108e+03
1.571071e-06	1.056112e+03
1.710983e-06	1.058116e+03
1.862773e-06	1.060120e+03
2.027443e-06	1.062124e+03
2.206049e-06	1.064128e+03
2.399655e-06	1.066132e+03
2.609445e-06	1.068136e+03
2.836699e-06	1.070140e+03
3.082944e-06	1.072144e+03
3.349622e-06	1.074148e+03
3.638287e-06	1.076152e+03
3.950659e-06	1.078156e+03
4.288580e-06	1.080160e+03
4.654315e-06	1.082164e+03
5.049804e-06	1.084168e+03
5.477324e-06	1.086172e+03
5.939329e-06	1.088176e+03
6.438633e-06	1.090180e+03
6.978283e-06	1.092184e+03
7.560980e-06	1.094188e+03
8.190028e-06	1.096192e+03
8.868973e-06	1.098196e+03
9.602101e-06	1.100200e+03
1.039323e-05	1.102204e+03
1.124647e-05	1.104208e+03
1.216633e-05	1.106212e+03
1.315827e-05	1.108216e+03
1.422808e-05	1.110220e+03
1.538086e-05	1.112224e+03
1.662264e-05	1.114228e+03
1.796061e-05	1.116232e+03
1.940131e-05	1.118236e+03
2.095313e-05	1.120240e+03
2.262345e-05	1.122244e+03
2.442158e-05	1.124248e+03
2.635587e-05	1.126253e+03
2.843729e-05	1.128257e+03
3.067672e-05	1.130261e+03
3.308489e-05	1.132265e+03
3.567314e-05	1.134269e+03
3.845418e-05	1.136273e+03
4.144673e-05	1.138277e+03
4.466199e-05	1.140281e+03
4.811444e-05	1.142285e+03
5.182154e-05	1.144289e+03
5.580420e-05	1.146293e+03
6.008250e-05	1.148297e+03
6.467326e-05	1.150301e+03
6.960234e-05	1.152305e+03
7.488916e-05	1.154309e+03
8.056169e-05	1.156313e+03
8.665043e-05	1.158317e+03
9.318113e-05	1.160321e+03
1.001809e-04	1.162325e+03
1.076838e-04	1.164329e+03
1.157387e-04	1.166333e+03
1.243677e-04	1.168337e+03
1.336091e-04	1.170341e+03
1.435173e-04	1.172345e+03
1.541288e-04	1.174349e+03
1.655018e-04	1.176353e+03
1.776862e-04	1.178357e+03
1.907259e-04	1.180361e+03
2.046762e-04	1.182365e+03
2.196277e-04	1.184369e+03
2.356404e-04	1.186373e+03
2.527647e-04	1.188377e+03
2.710883e-04	1.190381e+03
2.906852e-04	1.192385e+03
3.116645e-04	1.194389e+03
3.341148e-04	1.196393e+03
3.581238e-04	1.198397e+03
3.837740e-04	1.200401e+03
4.112069e-04	1.202405e+03
4.405745e-04	1.204409e+03
4.719396e-04	1.206413e+03
5.054783e-04	1.208417e+03
5.413131e-04	1.210421e+03
5.796071e-04	1.212425e+03
6.205752e-04	1.214429e+03
6.643209e-04	1.216433e+03
7.109984e-04	1.218437e+03
7.608956e-04	1.220441e+03
8.142524e-04	1.222445e+03
8.711883e-04	1.224449e+03
9.320396e-04	1.226453e+03
9.969287e-04	1.228457e+03
1.066167e-03	1.230461e+03
1.140307e-03	1.232465e+03
1.219353e-03	1.234469e+03
1.303688e-03	1.236473e+03
1.393696e-03	1.238477e+03
1.489729e-03	1.240481e+03
1.592362e-03	1.242485e+03
1.701874e-03	1.244489e+03
1.818542e-03	1.246493e+03
1.943119e-03	1.248497e+03
2.076150e-03	1.250501e+03
2.217930e-03	1.252505e+03
2.369424e-03	1.254509e+03
2.530751e-03	1.256513e+03
2.702785e-03	1.258517e+03
2.886821e-03	1.260521e+03
3.082654e-03	1.262525e+03
3.291582e-03	1.264529e+03
3.514290e-03	1.266533e+03
3.751660e-03	1.268537e+03
4.005590e-03	1.270541e+03
4.275879e-03	1.272545e+03
4.563608e-03	1.274549e+03
4.870682e-03	1.276553e+03
5.198250e-03	1.278557e+03
5.547801e-03	1.280561e+03
5.920380e-03	1.282565e+03
6.316547e-03	1.284569e+03
6.739603e-03	1.286573e+03
7.191079e-03	1.288577e+03
7.671859e-03	1.290581e+03
8.184896e-03	1.292585e+03
8.730510e-03	1.294589e+03
9.312994e-03	1.296593e+03
9.934631e-03	1.298597e+03
1.059577e-02	1.300601e+03
1.130211e-02	1.302605e+03
1.205318e-02	1.304609e+03
1.285544e-02	1.306613e+03
1.371118e-02	1.308617e+03
1.462090e-02	1.310621e+03
1.559168e-02	1.312625e+03
1.662546e-02	1.314629e+03
1.772885e-02	1.316633e+03
1.890698e-02	1.318637e+03
2.015861e-02	1.320641e+03
2.149269e-02	1.322645e+03
2.291661e-02	1.324649e+03
2.443346e-02	1.326653e+03
2.605401e-02	1.328657e+03
2.777700e-02	1.330661e+03
2.961040e-02	1.332665e+03
3.157196e-02	1.334669e+03
3.365901e-02	1.336673e+03
3.588652e-02	1.338677e+03
3.825773e-02	1.340681e+03
4.078015e-02	1.342685e+03
4.348224e-02	1.344689e+03
4.635512e-02	1.346693e+03
4.941888e-02	1.348697e+03
5.268378e-02	1.350701e+03
5.616008e-02	1.352705e+03
5.988173e-02	1.354709e+03
6.383787e-02	1.356713e+03
6.805187e-02	1.358717e+03
7.254734e-02	1.360721e+03
7.734062e-02	1.362725e+03
8.246354e-02	1.364729e+03
8.791349e-02	1.366733e+03
9.371155e-02	1.368737e+03
9.990583e-02	1.370741e+03
1.065153e-01	1.372745e+03
1.135657e-01	1.374749e+03
1.210791e-01	1.376754e+03
1.290608e-01	1.378758e+03
1.376065e-01	1.380762e+03
1.467151e-01	1.382766e+03
1.564210e-01	1.384770e+03
1.667763e-01	1.386774e+03
1.777847e-01	1.388778e+03
1.895665e-01	1.390782e+03
2.021241e-01	1.392786e+03
2.154928e-01	1.394790e+03
2.297730e-01	1.396794e+03
2.449620e-01	1.398798e+03
2.612192e-01	1.400802e+03
2.785381e-01	1.402806e+03
2.969554e-01	1.404810e+03
3.166427e-01	1.406814e+03
3.376131e-01	1.408818e+03
3.600111e-01	1.410822e+03
3.838998e-01	1.412826e+03
4.092957e-01	1.414830e+03
4.364101e-01	1.416834e+03
4.653585e-01	1.418838e+03
4.962047e-01	1.420842e+03
5.291500e-01	1.422846e+03
5.641689e-01	1.424850e+03
6.015119e-01	1.426854e+03
6.414528e-01	1.428858e+03
6.839330e-01	1.430862e+03
7.293206e-01	1.432866e+03
7.776016e-01	1.434870e+03
8.290683e-01	1.436874e+03
8.840917e-01	1.438878e+03
9.426135e-01	1.440882e+03
1.005079e+00	1.442886e+03
1.071585e+00	1.444890e+03
1.142526e+00	1.446894e+03
1.218293e+00	1.448898e+03
1.298868e+00	1.450902e+03
1.384751e+00	1.452906e+03
1.476262e+00	1.454910e+03
1.573892e+00	1.456914e+03
1.678106e+00	1.458918e+03
1.788894e+00	1.460922e+03
1.906854e+00	1.462926e+03
2.032748e+00	1.464930e+03
2.166882e+00	1.466934e+03
2.309923e+00	1.468938e+03
2.462089e+00	1.470942e+03
2.623906e+00	1.472946e+03
2.796835e+00	1.474950e+03
2.980842e+00	1.476954e+03
3.176867e+00	1.478958e+03
3.385510e+00	1.480962e+03
3.607200e+00	1.482966e+03
3.844304e+00	1.484970e+03
4.096286e+00	1.486974e+03
4.364500e+00	1.488978e+03
4.650023e+00	1.490982e+03
4.953700e+00	1.492986e+03
5.277847e+00	1.494990e+03
5.622284e+00	1.496994e+03
5.988608e+00	1.498998e+03
6.378480e+00	1.501002e+03
6.793378e+00	1.503006e+03
7.235593e+00	1.505010e+03
7.705285e+00	1.507014e+03
8.204492e+00	1.509018e+03
8.735608e+00	1.511022e+03
9.304471e+00	1.513026e+03
9.932977e+00	1.515030e+03
1.060756e+01	1.517034e+03
1.133111e+01	1.519038e+03
1.209856e+01	1.521042e+03
1.291938e+01	1.523046e+03
1.379301e+01	1.525050e+03
1.472265e+01	1.527054e+03
1.570879e+01	1.529058e+03
1.675387e+01	1.531062e+03
1.787334e+01	1.533066e+03
1.906371e+01	1.535070e+03
2.032920e+01	1.537074e+03
2.165315e+01	1.539078e+03
2.308203e+01	1.541082e+03
2.460113e+01	1.543086e+03
2.621494e+01	1.545090e+03
2.791579e+01	1.547094e+03
2.970861e+01	1.549098e+03
3.164078e+01	1.551102e+03
3.369198e+01	1.553106e+03
3.586898e+01	1.555110e+03
3.813060e+01	1.557114e+03
4.056040e+01	1.559118e+03
4.315900e+01	1.561122e+03
4.591522e+01	1.563126e+03
4.880105e+01	1.565130e+03
5.182805e+01	1.567134e+03
5.510628e+01	1.569138e+03
5.858441e+01	1.571142e+03
6.225668e+01	1.573146e+03
6.607136e+01	1.575150e+03
7.013471e+01	1.577154e+03
7.450990e+01	1.579158e+03
7.914329e+01	1.581162e+03
8.396232e+01	1.583166e+03
8.902814e+01	1.585170e+03
9.446469e+01	1.587174e+03
1.002710e+02	1.589178e+03
1.063642e+02	1.591182e+03
1.127041e+02	1.593186e+03
1.194002e+02	1.595190e+03
1.266429e+02	1.597194e+03
1.343130e+02	1.599198e+03
1.422369e+02	1.601202e+03
1.505860e+02	1.603206e+03
1.594583e+02	1.605210e+03
1.690050e+02	1.607214e+03
1.789623e+02	1.609218e+03
1.893411e+02	1.611222e+03
2.002868e+02	1.613226e+03
2.120128e+02	1.615230e+03
2.244935e+02	1.617234e+03
2.373569e+02	1.619238e+03
2.509142e+02	1.621242e+03
2.652006e+02	1.623246e+03
2.806349e+02	1.625251e+03
2.966683e+02	1.627255e+03
3.134112e+02	1.629259e+03
3.310433e+02	1.631263e+03
3.497370e+02	1.633267e+03
3.697160e+02	1.635271e+03
3.903331e+02	1.637275e+03
4.120317e+02	1.639279e+03
4.348647e+02	1.641283e+03
4.592843e+02	1.643287e+03
4.847337e+02	1.645291e+03
5.113604e+02	1.647295e+03
5.393621e+02	1.649299e+03
5.688051e+02	1.651303e+03
6.002511e+02	1.653307e+03
6.328331e+02	1.655311e+03
6.670770e+02	1.657315e+03
7.030619e+02	1.659319e+03
7.411255e+02	1.661323e+03
7.809648e+02	1.663327e+03
8.227262e+02	1.665331e+03
8.665848e+02	1.667335e+03
9.126389e+02	1.669339e+03
9.611000e+02	1.671343e+03
