#pressure (bar)	 temperature (K)
1.088237e-06	1.204409e+03
1.243988e-06	1.208417e+03
1.420728e-06	1.212425e+03
1.621107e-06	1.216433e+03
1.848086e-06	1.220441e+03
2.104974e-06	1.224449e+03
2.395458e-06	1.228457e+03
2.723654e-06	1.232465e+03
3.094141e-06	1.236473e+03
3.512020e-06	1.240481e+03
3.982962e-06	1.244489e+03
4.513267e-06	1.248497e+03
5.109935e-06	1.252505e+03
5.780727e-06	1.256513e+03
6.534251e-06	1.260521e+03
7.380041e-06	1.264529e+03
8.328651e-06	1.268537e+03
9.391759e-06	1.272545e+03
1.058226e-05	1.276553e+03
1.191443e-05	1.280561e+03
1.340397e-05	1.284569e+03
1.506825e-05	1.288577e+03
1.692640e-05	1.292585e+03
1.899946e-05	1.296593e+03
2.131064e-05	1.300601e+03
2.388542e-05	1.304609e+03
2.675183e-05	1.308617e+03
2.994064e-05	1.312625e+03
3.348566e-05	1.316633e+03
3.742394e-05	1.320641e+03
4.179609e-05	1.324649e+03
4.664665e-05	1.328657e+03
5.202430e-05	1.332665e+03
5.798241e-05	1.336673e+03
6.457920e-05	1.340681e+03
7.187840e-05	1.344689e+03
7.994955e-05	1.348697e+03
8.886854e-05	1.352705e+03
9.871821e-05	1.356713e+03
1.095887e-04	1.360721e+03
1.215785e-04	1.364729e+03
1.347945e-04	1.368737e+03
1.493532e-04	1.372745e+03
1.653812e-04	1.376754e+03
1.830162e-04	1.380762e+03
2.024079e-04	1.384770e+03
2.237183e-04	1.388778e+03
2.471238e-04	1.392786e+03
2.728153e-04	1.396794e+03
3.009998e-04	1.400802e+03
3.319015e-04	1.404810e+03
3.657632e-04	1.408818e+03
4.028477e-04	1.412826e+03
4.434389e-04	1.416834e+03
4.878441e-04	1.420842e+03
5.363949e-04	1.424850e+03
5.894497e-04	1.428858e+03
6.473950e-04	1.432866e+03
7.106479e-04	1.436874e+03
7.796583e-04	1.440882e+03
8.549104e-04	1.444890e+03
9.369269e-04	1.448898e+03
1.026269e-03	1.452906e+03
1.123541e-03	1.456914e+03
1.229395e-03	1.460922e+03
1.344528e-03	1.464930e+03
1.469694e-03	1.468938e+03
1.605697e-03	1.472946e+03
1.753405e-03	1.476954e+03
1.913746e-03	1.480962e+03
2.087719e-03	1.484970e+03
2.276392e-03	1.488978e+03
2.480909e-03	1.492986e+03
2.702499e-03	1.496994e+03
2.942473e-03	1.501002e+03
3.202239e-03	1.505010e+03
3.483299e-03	1.509018e+03
3.787261e-03	1.513026e+03
4.115844e-03	1.517034e+03
4.470882e-03	1.521042e+03
4.854340e-03	1.525050e+03
5.268305e-03	1.529058e+03
5.715015e-03	1.533066e+03
6.196849e-03	1.537074e+03
6.716348e-03	1.541082e+03
7.276218e-03	1.545090e+03
7.879341e-03	1.549098e+03
8.528792e-03	1.553106e+03
9.227834e-03	1.557114e+03
9.979951e-03	1.561122e+03
1.078884e-02	1.565130e+03
1.165843e-02	1.569138e+03
1.259291e-02	1.573146e+03
1.359671e-02	1.577154e+03
1.467457e-02	1.581162e+03
1.583148e-02	1.585170e+03
1.707277e-02	1.589178e+03
1.840407e-02	1.593186e+03
1.983136e-02	1.597194e+03
2.136100e-02	1.601202e+03
2.299969e-02	1.605210e+03
2.475458e-02	1.609218e+03
2.663318e-02	1.613226e+03
2.864350e-02	1.617234e+03
3.079398e-02	1.621242e+03
3.309356e-02	1.625251e+03
3.555171e-02	1.629259e+03
3.817842e-02	1.633267e+03
4.098426e-02	1.637275e+03
4.398039e-02	1.641283e+03
4.717863e-02	1.645291e+03
5.059141e-02	1.649299e+03
5.423190e-02	1.653307e+03
5.811396e-02	1.657315e+03
6.225223e-02	1.661323e+03
6.666217e-02	1.665331e+03
7.136002e-02	1.669339e+03
7.636297e-02	1.673347e+03
8.168907e-02	1.677355e+03
8.735738e-02	1.681363e+03
9.338794e-02	1.685371e+03
9.980185e-02	1.689379e+03
1.066214e-01	1.693387e+03
1.138698e-01	1.697395e+03
1.215718e-01	1.701403e+03
1.297531e-01	1.705411e+03
1.384411e-01	1.709419e+03
1.476641e-01	1.713427e+03
1.574523e-01	1.717435e+03
1.678371e-01	1.721443e+03
1.788516e-01	1.725451e+03
1.905307e-01	1.729459e+03
2.029107e-01	1.733467e+03
2.160299e-01	1.737475e+03
2.299285e-01	1.741483e+03
2.446484e-01	1.745491e+03
2.602340e-01	1.749499e+03
2.767313e-01	1.753507e+03
2.941890e-01	1.757515e+03
3.126577e-01	1.761523e+03
3.321906e-01	1.765531e+03
3.528435e-01	1.769539e+03
3.746744e-01	1.773547e+03
3.977447e-01	1.777555e+03
4.221180e-01	1.781563e+03
4.478611e-01	1.785571e+03
4.750439e-01	1.789579e+03
5.037393e-01	1.793587e+03
5.340238e-01	1.797595e+03
5.659769e-01	1.801603e+03
5.996824e-01	1.805611e+03
6.384083e-01	1.809619e+03
6.749200e-01	1.813627e+03
7.133350e-01	1.817635e+03
7.537423e-01	1.821643e+03
7.962351e-01	1.825651e+03
8.409096e-01	1.829659e+03
8.878669e-01	1.833667e+03
9.372111e-01	1.837675e+03
9.890517e-01	1.841683e+03
1.043501e+00	1.845691e+03
1.100678e+00	1.849699e+03
1.160705e+00	1.853707e+03
1.223708e+00	1.857715e+03
1.289821e+00	1.861723e+03
1.359179e+00	1.865731e+03
1.431928e+00	1.869739e+03
1.508213e+00	1.873747e+03
1.588190e+00	1.877756e+03
1.672018e+00	1.881764e+03
1.759863e+00	1.885772e+03
1.851897e+00	1.889780e+03
1.948298e+00	1.893788e+03
2.049252e+00	1.897796e+03
2.154950e+00	1.901804e+03
2.265593e+00	1.905812e+03
2.381385e+00	1.909820e+03
2.502540e+00	1.913828e+03
2.629282e+00	1.917836e+03
2.761838e+00	1.921844e+03
2.900446e+00	1.925852e+03
3.045354e+00	1.929860e+03
3.196816e+00	1.933868e+03
3.355095e+00	1.937876e+03
3.520465e+00	1.941884e+03
3.693210e+00	1.945892e+03
3.873619e+00	1.949900e+03
4.061998e+00	1.953908e+03
4.258658e+00	1.957916e+03
4.463922e+00	1.961924e+03
4.678126e+00	1.965932e+03
4.901614e+00	1.969940e+03
5.134746e+00	1.973948e+03
5.377888e+00	1.977956e+03
5.631424e+00	1.981964e+03
5.895745e+00	1.985972e+03
6.171260e+00	1.989980e+03
6.458389e+00	1.993988e+03
6.757563e+00	1.997996e+03
7.069235e+00	2.002004e+03
7.393860e+00	2.006012e+03
7.731922e+00	2.010020e+03
8.083907e+00	2.014028e+03
8.450323e+00	2.018036e+03
8.831697e+00	2.022044e+03
9.228564e+00	2.026052e+03
9.641543e+00	2.030060e+03
1.007115e+01	2.034068e+03
1.051797e+01	2.038076e+03
1.098265e+01	2.042084e+03
1.146574e+01	2.046092e+03
1.196798e+01	2.050100e+03
1.248993e+01	2.054108e+03
1.303238e+01	2.058116e+03
1.359600e+01	2.062124e+03
1.418141e+01	2.066132e+03
1.478955e+01	2.070140e+03
1.542097e+01	2.074148e+03
1.607671e+01	2.078156e+03
1.675733e+01	2.082164e+03
1.746392e+01	2.086172e+03
1.819725e+01	2.090180e+03
1.895797e+01	2.094188e+03
1.974742e+01	2.098196e+03
2.056607e+01	2.102204e+03
2.141538e+01	2.106212e+03
2.229583e+01	2.110220e+03
2.320895e+01	2.114228e+03
2.415550e+01	2.118236e+03
2.513639e+01	2.122244e+03
2.615321e+01	2.126253e+03
2.720641e+01	2.130261e+03
2.829797e+01	2.134269e+03
2.942825e+01	2.138277e+03
3.059930e+01	2.142285e+03
3.181182e+01	2.146293e+03
3.306713e+01	2.150301e+03
3.436705e+01	2.154309e+03
3.571196e+01	2.158317e+03
3.710452e+01	2.162325e+03
3.854487e+01	2.166333e+03
4.003576e+01	2.170341e+03
4.157776e+01	2.174349e+03
4.317267e+01	2.178357e+03
4.482265e+01	2.182365e+03
4.652933e+01	2.186373e+03
4.829342e+01	2.190381e+03
5.011602e+01	2.194389e+03
5.200091e+01	2.198397e+03
5.394832e+01	2.202405e+03
5.596076e+01	2.206413e+03
5.804041e+01	2.210421e+03
6.018783e+01	2.214429e+03
6.240727e+01	2.218437e+03
6.469786e+01	2.222445e+03
6.706476e+01	2.226453e+03
6.950761e+01	2.230461e+03
7.202990e+01	2.234469e+03
7.463378e+01	2.238477e+03
7.732022e+01	2.242485e+03
8.009431e+01	2.246493e+03
8.295429e+01	2.250501e+03
8.590727e+01	2.254509e+03
8.895187e+01	2.258517e+03
9.209297e+01	2.262525e+03
9.533250e+01	2.266533e+03
9.867197e+01	2.270541e+03
1.021172e+02	2.274549e+03
1.056661e+02	2.278557e+03
1.093274e+02	2.282565e+03
1.130984e+02	2.286573e+03
1.169861e+02	2.290581e+03
1.209918e+02	2.294589e+03
1.251178e+02	2.298597e+03
1.293706e+02	2.302605e+03
1.337478e+02	2.306613e+03
1.382602e+02	2.310621e+03
1.429032e+02	2.314629e+03
1.476864e+02	2.318637e+03
1.526102e+02	2.322645e+03
1.576780e+02	2.326653e+03
1.628972e+02	2.330661e+03
1.682648e+02	2.334669e+03
1.737940e+02	2.338677e+03
1.794778e+02	2.342685e+03
1.853293e+02	2.346693e+03
1.913472e+02	2.350701e+03
1.975369e+02	2.354709e+03
2.039060e+02	2.358717e+03
2.104512e+02	2.362725e+03
2.171882e+02	2.366733e+03
2.241082e+02	2.370741e+03
2.312274e+02	2.374749e+03
2.385423e+02	2.378758e+03
2.460610e+02	2.382766e+03
2.537912e+02	2.386774e+03
2.617296e+02	2.390782e+03
2.698940e+02	2.394790e+03
2.782743e+02	2.398798e+03
2.868902e+02	2.402806e+03
2.957345e+02	2.406814e+03
3.048198e+02	2.410822e+03
3.141530e+02	2.414830e+03
3.237311e+02	2.418838e+03
3.335744e+02	2.422846e+03
3.436711e+02	2.426854e+03
3.540449e+02	2.430862e+03
3.646839e+02	2.434870e+03
3.756068e+02	2.438878e+03
3.868185e+02	2.442886e+03
3.983173e+02	2.446894e+03
4.101253e+02	2.450902e+03
4.222298e+02	2.454910e+03
4.346568e+02	2.458918e+03
4.473938e+02	2.462926e+03
4.604619e+02	2.466934e+03
4.738645e+02	2.470942e+03
4.876027e+02	2.474950e+03
5.016992e+02	2.478958e+03
5.161413e+02	2.482966e+03
5.309569e+02	2.486974e+03
5.461333e+02	2.490982e+03
5.616945e+02	2.494990e+03
5.776408e+02	2.498998e+03
5.939779e+02	2.503006e+03
6.107442e+02	2.507014e+03
6.279254e+02	2.511022e+03
6.455237e+02	2.515030e+03
6.635286e+02	2.519038e+03
6.819782e+02	2.523046e+03
7.008689e+02	2.527054e+03
7.202140e+02	2.531062e+03
7.400319e+02	2.535070e+03
7.603164e+02	2.539078e+03
7.810917e+02	2.543086e+03
8.023537e+02	2.547094e+03
8.241250e+02	2.551102e+03
8.464038e+02	2.555110e+03
8.692064e+02	2.559118e+03
8.925471e+02	2.563126e+03
9.164279e+02	2.567134e+03
9.408662e+02	2.571142e+03
9.658676e+02	2.575150e+03
9.914464e+02	2.579158e+03
