#pressure (bar)	 temperature (K)
1.061264e-06	5.547094e+02
1.264216e-06	5.567134e+02
1.508628e-06	5.587174e+02
1.795598e-06	5.607214e+02
2.130845e-06	5.627255e+02
2.520772e-06	5.647295e+02
2.991458e-06	5.667335e+02
3.547801e-06	5.687375e+02
4.196654e-06	5.707415e+02
4.950577e-06	5.727455e+02
5.826399e-06	5.747495e+02
6.890874e-06	5.767535e+02
8.126745e-06	5.787575e+02
9.558294e-06	5.807615e+02
1.120802e-05	5.827655e+02
1.314810e-05	5.847695e+02
1.545915e-05	5.867735e+02
1.812921e-05	5.887776e+02
2.120418e-05	5.907816e+02
2.473245e-05	5.927856e+02
2.894530e-05	5.947896e+02
3.385467e-05	5.967936e+02
3.949108e-05	5.987976e+02
4.593691e-05	6.008016e+02
5.330948e-05	6.028056e+02
6.217454e-05	6.048096e+02
7.232245e-05	6.068136e+02
8.392657e-05	6.088176e+02
9.710315e-05	6.108216e+02
1.124475e-04	6.128257e+02
1.304829e-04	6.148297e+02
1.510269e-04	6.168337e+02
1.743703e-04	6.188377e+02
2.007521e-04	6.208417e+02
2.318760e-04	6.228457e+02
2.677730e-04	6.248497e+02
3.084394e-04	6.268537e+02
3.544608e-04	6.288577e+02
4.062775e-04	6.308617e+02
4.679619e-04	6.328657e+02
5.380049e-04	6.348697e+02
6.169509e-04	6.368737e+02
7.056362e-04	6.388778e+02
8.075760e-04	6.408818e+02
9.265551e-04	6.428858e+02
1.060491e-03	6.448898e+02
1.210778e-03	6.468938e+02
1.378771e-03	6.488978e+02
1.574664e-03	6.509018e+02
1.798372e-03	6.529058e+02
2.049715e-03	6.549098e+02
2.331099e-03	6.569138e+02
2.645331e-03	6.589178e+02
3.017142e-03	6.609218e+02
3.433250e-03	6.629259e+02
3.897579e-03	6.649299e+02
4.414269e-03	6.669339e+02
5.001029e-03	6.689379e+02
5.680840e-03	6.709419e+02
6.440626e-03	6.729459e+02
7.285490e-03	6.749499e+02
8.221694e-03	6.769539e+02
9.301172e-03	6.789579e+02
1.052705e-02	6.809619e+02
1.189145e-02	6.829659e+02
1.340449e-02	6.849699e+02
1.507803e-02	6.869739e+02
1.704714e-02	6.889780e+02
1.923272e-02	6.909820e+02
2.164608e-02	6.929860e+02
2.430857e-02	6.949900e+02
2.731124e-02	6.969940e+02
3.076904e-02	6.989980e+02
3.459366e-02	7.010020e+02
3.881471e-02	7.030060e+02
4.346624e-02	7.050100e+02
4.879821e-02	7.070140e+02
5.479536e-02	7.090180e+02
6.140868e-02	7.110220e+02
6.868774e-02	7.130261e+02
7.668793e-02	7.150301e+02
8.603345e-02	7.170341e+02
9.633702e-02	7.190381e+02
1.076520e-01	7.210421e+02
1.200448e-01	7.230461e+02
1.339029e-01	7.250501e+02
1.497319e-01	7.270541e+02
1.671241e-01	7.290581e+02
1.862078e-01	7.310621e+02
2.071442e-01	7.330661e+02
2.309365e-01	7.350701e+02
2.574811e-01	7.370741e+02
2.865795e-01	7.390782e+02
3.184510e-01	7.410822e+02
3.533517e-01	7.430862e+02
3.935401e-01	7.450902e+02
4.376090e-01	7.470942e+02
4.857551e-01	7.490982e+02
5.383349e-01	7.511022e+02
5.967393e-01	7.531062e+02
6.626889e-01	7.551102e+02
7.347736e-01	7.571142e+02
8.135628e-01	7.591182e+02
8.997440e-01	7.611222e+02
9.964493e-01	7.631263e+02
1.103526e+00	7.651303e+02
1.220412e+00	7.671343e+02
1.348110e+00	7.691383e+02
1.487851e+00	7.711423e+02
1.645538e+00	7.731463e+02
1.817585e+00	7.751503e+02
2.004953e+00	7.771543e+02
2.209769e+00	7.791583e+02
2.435755e+00	7.811623e+02
2.686349e+00	7.831663e+02
2.959237e+00	7.851703e+02
3.256926e+00	7.871743e+02
3.582555e+00	7.891784e+02
3.942076e+00	7.911824e+02
4.335038e+00	7.931864e+02
4.762784e+00	7.951904e+02
5.229376e+00	7.971944e+02
5.739645e+00	7.991984e+02
6.298035e+00	8.012024e+02
6.904256e+00	8.032064e+02
7.564434e+00	8.052104e+02
8.284705e+00	8.072144e+02
9.069709e+00	8.092184e+02
9.876666e+00	8.112224e+02
1.072729e+01	8.132265e+02
1.163454e+01	8.152305e+02
1.261081e+01	8.172345e+02
1.363592e+01	8.192385e+02
1.476487e+01	8.212425e+02
1.597778e+01	8.232465e+02
1.728013e+01	8.252505e+02
1.862943e+01	8.272545e+02
2.014242e+01	8.292585e+02
2.177704e+01	8.312625e+02
2.353088e+01	8.332665e+02
2.538961e+01	8.352705e+02
2.733474e+01	8.372745e+02
2.955190e+01	8.392786e+02
3.193127e+01	8.412826e+02
3.448331e+01	8.432866e+02
3.708504e+01	8.452906e+02
3.999431e+01	8.472946e+02
4.323424e+01	8.492986e+02
4.671184e+01	8.513026e+02
5.031825e+01	8.533066e+02
5.405757e+01	8.553106e+02
5.842959e+01	8.573146e+02
6.317105e+01	8.593186e+02
6.819398e+01	8.613226e+02
7.326353e+01	8.633267e+02
7.881074e+01	8.653307e+02
8.526174e+01	8.673347e+02
9.219528e+01	8.693387e+02
9.914164e+01	8.713427e+02
1.064608e+02	8.733467e+02
1.147990e+02	8.753507e+02
1.242030e+02	8.773547e+02
1.338712e+02	8.793587e+02
1.437454e+02	8.813627e+02
1.542763e+02	8.833667e+02
1.667947e+02	8.853707e+02
1.802480e+02	8.873747e+02
1.935008e+02	8.893788e+02
2.076348e+02	8.913828e+02
2.231219e+02	8.933868e+02
2.414185e+02	8.953908e+02
2.594678e+02	8.973948e+02
2.782961e+02	8.993988e+02
2.983620e+02	9.014028e+02
3.213663e+02	9.034068e+02
3.462382e+02	9.054108e+02
3.710721e+02	9.074148e+02
3.975218e+02	9.094188e+02
4.256809e+02	9.114228e+02
4.592534e+02	9.134269e+02
4.916015e+02	9.154309e+02
5.260168e+02	9.174349e+02
5.626170e+02	9.194389e+02
6.027127e+02	9.214429e+02
6.461441e+02	9.234469e+02
6.902290e+02	9.254509e+02
7.370383e+02	9.274549e+02
7.867216e+02	9.294589e+02
8.411308e+02	9.314629e+02
8.965914e+02	9.334669e+02
9.553549e+02	9.354709e+02
