#pressure (bar)	 temperature (K)
1.162126e-06	1.234870e+03
1.418440e-06	1.239679e+03
1.731845e-06	1.244489e+03
2.107383e-06	1.249299e+03
2.564590e-06	1.254108e+03
3.111423e-06	1.258918e+03
3.774376e-06	1.263727e+03
4.565851e-06	1.268537e+03
5.521453e-06	1.273347e+03
6.660307e-06	1.278156e+03
8.029775e-06	1.282966e+03
9.659110e-06	1.287776e+03
1.161061e-05	1.292585e+03
1.392863e-05	1.297395e+03
1.669424e-05	1.302204e+03
1.997400e-05	1.307014e+03
2.387219e-05	1.311824e+03
2.848791e-05	1.316633e+03
3.395362e-05	1.321443e+03
4.041558e-05	1.326253e+03
4.803967e-05	1.331062e+03
5.704026e-05	1.335872e+03
6.762147e-05	1.340681e+03
8.009548e-05	1.345491e+03
9.470858e-05	1.350301e+03
1.119120e-04	1.355110e+03
1.319960e-04	1.359920e+03
1.556085e-04	1.364729e+03
1.830817e-04	1.369539e+03
2.153399e-04	1.374349e+03
2.527476e-04	1.379158e+03
2.966157e-04	1.383968e+03
3.473202e-04	1.388778e+03
4.067097e-04	1.393587e+03
4.751345e-04	1.398397e+03
5.551843e-04	1.403206e+03
6.471233e-04	1.408016e+03
7.545584e-04	1.412826e+03
8.776995e-04	1.417635e+03
1.021153e-03	1.422445e+03
1.185408e-03	1.427255e+03
1.376164e-03	1.432064e+03
1.594365e-03	1.436874e+03
1.847001e-03	1.441683e+03
2.135712e-03	1.446493e+03
2.468985e-03	1.451303e+03
2.849498e-03	1.456112e+03
3.287451e-03	1.460922e+03
3.787040e-03	1.465731e+03
4.360379e-03	1.470541e+03
5.013850e-03	1.475351e+03
5.761653e-03	1.480160e+03
6.613263e-03	1.484970e+03
7.585088e-03	1.489780e+03
8.690924e-03	1.494589e+03
9.949395e-03	1.499399e+03
1.138029e-02	1.504208e+03
1.300428e-02	1.509018e+03
1.484939e-02	1.513828e+03
1.693794e-02	1.518637e+03
1.930912e-02	1.523447e+03
2.198615e-02	1.528257e+03
2.502329e-02	1.533066e+03
2.844338e-02	1.537876e+03
3.232089e-02	1.542685e+03
3.667625e-02	1.547495e+03
4.161089e-02	1.552305e+03
4.713990e-02	1.557114e+03
5.340026e-02	1.561924e+03
6.039753e-02	1.566733e+03
6.831545e-02	1.571543e+03
7.714413e-02	1.576353e+03
8.712847e-02	1.581162e+03
9.823572e-02	1.585972e+03
1.107879e-01	1.590782e+03
1.247336e-01	1.595591e+03
1.404558e-01	1.600401e+03
1.579152e-01	1.605210e+03
1.775524e-01	1.610020e+03
1.993494e-01	1.614830e+03
2.238081e-01	1.619639e+03
2.509447e-01	1.624449e+03
2.813255e-01	1.629259e+03
3.150177e-01	1.634068e+03
3.526524e-01	1.638878e+03
3.943715e-01	1.643687e+03
4.408676e-01	1.648497e+03
4.923883e-01	1.653307e+03
5.496803e-01	1.658116e+03
6.131370e-01	1.662926e+03
6.835456e-01	1.667735e+03
7.614957e-01	1.672545e+03
8.477949e-01	1.677355e+03
9.432929e-01	1.682164e+03
1.048785e+00	1.686974e+03
1.165461e+00	1.691784e+03
1.294064e+00	1.696593e+03
1.436218e+00	1.701403e+03
1.592554e+00	1.706212e+03
1.765249e+00	1.711022e+03
1.954738e+00	1.715832e+03
2.163902e+00	1.720641e+03
2.392855e+00	1.725451e+03
2.645369e+00	1.730261e+03
2.921046e+00	1.735070e+03
3.224767e+00	1.739880e+03
3.555473e+00	1.744689e+03
3.919410e+00	1.749499e+03
4.314542e+00	1.754309e+03
4.748697e+00	1.759118e+03
5.218785e+00	1.763928e+03
5.734235e+00	1.768737e+03
6.291309e+00	1.773547e+03
6.899972e+00	1.778357e+03
7.556930e+00	1.783166e+03
8.271696e+00	1.787976e+03
9.040862e+00	1.792786e+03
9.873294e+00	1.797595e+03
1.076705e+01	1.802405e+03
1.173845e+01	1.807214e+03
1.278112e+01	1.812024e+03
1.391733e+01	1.816834e+03
1.513304e+01	1.821643e+03
1.645893e+01	1.826453e+03
1.787363e+01	1.831263e+03
1.941740e+01	1.836072e+03
2.106056e+01	1.840882e+03
2.285415e+01	1.845691e+03
2.475917e+01	1.850501e+03
2.683857e+01	1.855311e+03
2.904341e+01	1.860120e+03
3.144223e+01	1.864930e+03
3.399684e+01	1.869739e+03
3.675746e+01	1.874549e+03
3.971376e+01	1.879359e+03
4.288618e+01	1.884168e+03
4.630043e+01	1.888978e+03
4.994103e+01	1.893788e+03
5.387647e+01	1.898597e+03
5.804872e+01	1.903407e+03
6.257635e+01	1.908216e+03
6.735163e+01	1.913026e+03
7.255107e+01	1.917836e+03
7.800961e+01	1.922645e+03
8.396999e+01	1.927455e+03
9.020185e+01	1.932265e+03
9.702248e+01	1.937074e+03
1.041332e+02	1.941884e+03
1.119080e+02	1.946693e+03
1.200345e+02	1.951503e+03
1.288737e+02	1.956313e+03
1.381489e+02	1.961122e+03
1.481872e+02	1.965932e+03
1.587568e+02	1.970741e+03
1.701445e+02	1.975551e+03
1.821709e+02	1.980361e+03
1.950762e+02	1.985170e+03
2.087398e+02	1.989980e+03
2.233503e+02	1.994790e+03
2.388518e+02	1.999599e+03
2.553764e+02	2.004409e+03
2.729384e+02	2.009218e+03
2.916102e+02	2.014028e+03
3.114795e+02	2.018838e+03
3.325581e+02	2.023647e+03
3.550005e+02	2.028457e+03
3.787826e+02	2.033267e+03
4.040969e+02	2.038076e+03
4.309074e+02	2.042886e+03
4.594333e+02	2.047695e+03
4.896246e+02	2.052505e+03
5.217388e+02	2.057315e+03
5.557008e+02	2.062124e+03
5.918211e+02	2.066934e+03
6.299851e+02	2.071743e+03
6.705743e+02	2.076553e+03
7.134164e+02	2.081363e+03
7.589874e+02	2.086172e+03
8.070338e+02	2.090982e+03
8.581542e+02	2.095792e+03
9.119854e+02	2.100601e+03
9.692833e+02	2.105411e+03
