#pressure (bar)	 temperature (K)
1.080647e-06	1.456914e+03
1.266819e-06	1.460922e+03
1.482239e-06	1.464930e+03
1.735817e-06	1.468938e+03
2.027136e-06	1.472946e+03
2.369824e-06	1.476954e+03
2.764939e-06	1.480962e+03
3.224035e-06	1.484970e+03
3.757851e-06	1.488978e+03
4.371493e-06	1.492986e+03
5.090182e-06	1.496994e+03
5.911822e-06	1.501002e+03
6.873221e-06	1.505010e+03
7.974485e-06	1.509018e+03
9.249263e-06	1.513026e+03
1.072287e-05	1.517034e+03
1.240646e-05	1.521042e+03
1.437031e-05	1.525050e+03
1.660192e-05	1.529058e+03
1.919755e-05	1.533066e+03
2.216120e-05	1.537074e+03
2.557117e-05	1.541082e+03
2.949457e-05	1.545090e+03
3.395707e-05	1.549098e+03
3.913729e-05	1.553106e+03
4.499419e-05	1.557114e+03
5.177235e-05	1.561122e+03
5.947945e-05	1.565130e+03
6.829230e-05	1.569138e+03
7.839072e-05	1.573146e+03
8.982525e-05	1.577154e+03
1.030304e-04	1.581162e+03
1.179117e-04	1.585170e+03
1.350504e-04	1.589178e+03
1.544421e-04	1.593186e+03
1.765363e-04	1.597194e+03
2.017295e-04	1.601202e+03
2.301221e-04	1.605210e+03
2.628044e-04	1.609218e+03
2.994312e-04	1.613226e+03
3.413939e-04	1.617234e+03
3.887619e-04	1.621242e+03
4.424361e-04	1.625251e+03
5.034297e-04	1.629259e+03
5.718928e-04	1.633267e+03
6.503487e-04	1.637275e+03
7.379881e-04	1.641283e+03
8.380695e-04	1.645291e+03
9.503137e-04	1.649299e+03
1.077090e-03	1.653307e+03
1.220824e-03	1.657315e+03
1.381194e-03	1.661323e+03
1.564311e-03	1.665331e+03
1.768213e-03	1.669339e+03
1.999616e-03	1.673347e+03
2.259012e-03	1.677355e+03
2.550912e-03	1.681363e+03
2.879844e-03	1.685371e+03
3.246167e-03	1.689379e+03
3.662814e-03	1.693387e+03
4.124535e-03	1.697395e+03
4.647751e-03	1.701403e+03
5.231347e-03	1.705411e+03
5.884839e-03	1.709419e+03
6.620061e-03	1.713427e+03
7.435032e-03	1.717435e+03
8.358456e-03	1.721443e+03
9.380066e-03	1.725451e+03
1.053159e-02	1.729459e+03
1.181255e-02	1.733467e+03
1.324403e-02	1.737475e+03
1.484664e-02	1.741483e+03
1.661888e-02	1.745491e+03
1.862189e-02	1.749499e+03
2.082739e-02	1.753507e+03
2.330678e-02	1.757515e+03
2.605624e-02	1.761523e+03
2.911277e-02	1.765531e+03
3.253033e-02	1.769539e+03
3.629555e-02	1.773547e+03
4.053337e-02	1.777555e+03
4.519567e-02	1.781563e+03
5.041431e-02	1.785571e+03
5.618560e-02	1.789579e+03
6.259122e-02	1.793587e+03
6.972238e-02	1.797595e+03
7.755982e-02	1.801603e+03
8.636391e-02	1.805611e+03
9.600642e-02	1.809619e+03
1.067732e-01	1.813627e+03
1.186514e-01	1.817635e+03
1.317755e-01	1.821643e+03
1.463690e-01	1.825651e+03
1.623560e-01	1.829659e+03
1.802472e-01	1.833667e+03
1.998292e-01	1.837675e+03
2.216064e-01	1.841683e+03
2.455754e-01	1.845691e+03
2.720195e-01	1.849699e+03
3.013051e-01	1.853707e+03
3.333258e-01	1.857715e+03
3.690898e-01	1.861723e+03
4.080870e-01	1.865731e+03
4.513681e-01	1.869739e+03
4.988930e-01	1.873747e+03
5.511411e-01	1.877756e+03
6.089543e-01	1.881764e+03
6.719656e-01	1.885772e+03
7.421344e-01	1.889780e+03
8.185953e-01	1.893788e+03
9.031051e-01	1.897796e+03
9.957652e-01	1.901804e+03
1.097452e+00	1.905812e+03
1.209567e+00	1.909820e+03
1.331597e+00	1.913828e+03
1.467156e+00	1.917836e+03
1.614427e+00	1.921844e+03
1.776971e+00	1.925852e+03
1.954644e+00	1.929860e+03
2.149042e+00	1.933868e+03
2.363219e+00	1.937876e+03
2.595523e+00	1.941884e+03
2.852994e+00	1.945892e+03
3.132269e+00	1.949900e+03
3.439257e+00	1.953908e+03
3.774317e+00	1.957916e+03
4.139824e+00	1.961924e+03
4.541007e+00	1.965932e+03
4.975415e+00	1.969940e+03
5.454962e+00	1.973948e+03
5.973594e+00	1.977956e+03
6.541944e+00	1.981964e+03
7.159437e+00	1.985972e+03
7.830533e+00	1.989980e+03
8.564012e+00	1.993988e+03
9.342362e+00	1.997996e+03
1.013032e+01	2.002004e+03
1.095238e+01	2.006012e+03
1.183331e+01	2.010020e+03
1.278607e+01	2.014028e+03
1.379809e+01	2.018036e+03
1.490483e+01	2.022044e+03
1.606617e+01	2.026052e+03
1.734890e+01	2.030060e+03
1.872060e+01	2.034068e+03
2.016346e+01	2.038076e+03
2.175237e+01	2.042084e+03
2.339914e+01	2.046092e+03
2.523602e+01	2.050100e+03
2.711613e+01	2.054108e+03
2.923271e+01	2.058116e+03
3.144919e+01	2.062124e+03
3.381002e+01	2.066132e+03
3.641675e+01	2.070140e+03
3.904318e+01	2.074148e+03
4.204272e+01	2.078156e+03
4.502517e+01	2.082164e+03
4.845995e+01	2.086172e+03
5.196685e+01	2.090180e+03
5.576840e+01	2.094188e+03
5.988830e+01	2.098196e+03
6.407742e+01	2.102204e+03
6.889281e+01	2.106212e+03
7.352928e+01	2.110220e+03
7.900737e+01	2.114228e+03
8.444505e+01	2.118236e+03
9.046281e+01	2.122244e+03
9.683233e+01	2.126253e+03
1.034152e+02	2.130261e+03
1.108656e+02	2.134269e+03
1.180804e+02	2.138277e+03
1.266637e+02	2.142285e+03
1.349339e+02	2.146293e+03
1.442971e+02	2.150301e+03
1.539564e+02	2.154309e+03
1.641307e+02	2.158317e+03
1.753922e+02	2.162325e+03
1.864898e+02	2.166333e+03
1.995094e+02	2.170341e+03
2.120592e+02	2.174349e+03
2.263824e+02	2.178357e+03
2.407805e+02	2.182365e+03
2.562617e+02	2.186373e+03
2.729861e+02	2.190381e+03
2.897996e+02	2.194389e+03
3.090397e+02	2.198397e+03
3.279688e+02	2.202405e+03
3.493527e+02	2.206413e+03
3.706350e+02	2.210421e+03
3.938130e+02	2.214429e+03
4.182647e+02	2.218437e+03
4.433733e+02	2.222445e+03
4.713676e+02	2.226453e+03
4.995181e+02	2.230461e+03
5.305007e+02	2.234469e+03
5.620225e+02	2.238477e+03
5.962411e+02	2.242485e+03
6.315266e+02	2.246493e+03
6.685262e+02	2.250501e+03
7.087298e+02	2.254509e+03
7.500540e+02	2.258517e+03
7.943961e+02	2.262525e+03
8.404982e+02	2.266533e+03
8.893602e+02	2.270541e+03
9.407364e+02	2.274549e+03
9.945996e+02	2.278557e+03
