#pressure (bar)	 temperature (K)
1.043638e-06	1.224449e+03
1.239461e-06	1.228457e+03
1.471333e-06	1.232465e+03
1.744460e-06	1.236473e+03
2.064372e-06	1.240481e+03
2.443499e-06	1.244489e+03
2.883854e-06	1.248497e+03
3.406707e-06	1.252505e+03
4.014259e-06	1.256513e+03
4.727941e-06	1.260521e+03
5.562394e-06	1.264529e+03
6.532313e-06	1.268537e+03
7.673342e-06	1.272545e+03
8.989182e-06	1.276553e+03
1.053946e-05	1.280561e+03
1.232857e-05	1.284569e+03
1.441463e-05	1.288577e+03
1.683700e-05	1.292585e+03
1.963264e-05	1.296593e+03
2.289891e-05	1.300601e+03
2.664057e-05	1.304609e+03
3.101702e-05	1.308617e+03
3.603559e-05	1.312625e+03
4.184648e-05	1.316633e+03
4.855116e-05	1.320641e+03
5.623764e-05	1.324649e+03
6.516044e-05	1.328657e+03
7.531887e-05	1.332665e+03
8.712016e-05	1.336673e+03
1.005726e-04	1.340681e+03
1.160476e-04	1.344689e+03
1.337966e-04	1.348697e+03
1.540176e-04	1.352705e+03
1.773504e-04	1.356713e+03
2.037611e-04	1.360721e+03
2.342471e-04	1.364729e+03
2.688060e-04	1.368737e+03
3.083193e-04	1.372745e+03
3.533843e-04	1.376754e+03
4.044274e-04	1.380762e+03
4.629950e-04	1.384770e+03
5.289256e-04	1.388778e+03
6.045773e-04	1.392786e+03
6.898917e-04	1.396794e+03
7.868732e-04	1.400802e+03
8.969067e-04	1.404810e+03
1.020852e-03	1.408818e+03
1.162313e-03	1.412826e+03
1.320757e-03	1.416834e+03
1.501533e-03	1.420842e+03
1.704403e-03	1.424850e+03
1.933783e-03	1.428858e+03
2.192746e-03	1.432866e+03
2.482945e-03	1.436874e+03
2.812517e-03	1.440882e+03
3.179883e-03	1.444890e+03
3.596811e-03	1.448898e+03
4.062558e-03	1.452906e+03
4.586488e-03	1.456914e+03
5.175255e-03	1.460922e+03
5.831841e-03	1.464930e+03
6.574028e-03	1.468938e+03
7.397608e-03	1.472946e+03
8.327630e-03	1.476954e+03
9.362077e-03	1.480962e+03
1.052019e-02	1.484970e+03
1.181597e-02	1.488978e+03
1.325438e-02	1.492986e+03
1.487319e-02	1.496994e+03
1.666193e-02	1.501002e+03
1.867232e-02	1.505010e+03
2.089941e-02	1.509018e+03
2.338150e-02	1.513026e+03
2.614727e-02	1.517034e+03
2.920428e-02	1.521042e+03
3.263042e-02	1.525050e+03
3.640112e-02	1.529058e+03
4.062021e-02	1.533066e+03
4.527629e-02	1.537074e+03
5.044338e-02	1.541082e+03
5.617887e-02	1.545090e+03
6.249246e-02	1.549098e+03
6.954081e-02	1.553106e+03
7.726889e-02	1.557114e+03
8.587947e-02	1.561122e+03
9.534789e-02	1.565130e+03
1.058131e-01	1.569138e+03
1.173873e-01	1.573146e+03
1.300790e-01	1.577154e+03
1.441954e-01	1.581162e+03
1.596182e-01	1.585170e+03
1.767335e-01	1.589178e+03
1.954899e-01	1.593186e+03
2.161417e-01	1.597194e+03
2.389027e-01	1.601202e+03
2.637700e-01	1.605210e+03
2.913311e-01	1.609218e+03
3.213407e-01	1.613226e+03
3.545154e-01	1.617234e+03
3.907534e-01	1.621242e+03
4.305057e-01	1.625251e+03
4.741712e-01	1.629259e+03
5.217093e-01	1.633267e+03
5.742144e-01	1.637275e+03
6.311954e-01	1.641283e+03
6.939490e-01	1.645291e+03
7.622749e-01	1.649299e+03
8.369529e-01	1.653307e+03
9.187023e-01	1.657315e+03
1.007377e+00	1.661323e+03
1.104971e+00	1.665331e+03
1.210520e+00	1.669339e+03
1.326294e+00	1.673347e+03
1.451924e+00	1.677355e+03
1.588688e+00	1.681363e+03
1.737849e+00	1.685371e+03
1.898990e+00	1.689379e+03
2.075575e+00	1.693387e+03
2.265842e+00	1.697395e+03
2.473560e+00	1.701403e+03
2.698016e+00	1.705411e+03
2.941292e+00	1.709419e+03
3.205170e+00	1.713427e+03
3.488906e+00	1.717435e+03
3.798217e+00	1.721443e+03
4.129797e+00	1.725451e+03
4.489767e+00	1.729459e+03
4.876277e+00	1.733467e+03
5.292036e+00	1.737475e+03
5.740739e+00	1.741483e+03
6.220357e+00	1.745491e+03
6.739612e+00	1.749499e+03
7.291433e+00	1.753507e+03
7.885446e+00	1.757515e+03
8.520360e+00	1.761523e+03
9.199370e+00	1.765531e+03
9.946709e+00	1.769539e+03
1.074765e+01	1.773547e+03
1.161974e+01	1.777555e+03
1.255078e+01	1.781563e+03
1.354356e+01	1.785571e+03
1.461680e+01	1.789579e+03
1.574856e+01	1.793587e+03
1.698310e+01	1.797595e+03
1.827117e+01	1.801603e+03
1.968836e+01	1.805611e+03
2.118410e+01	1.809619e+03
2.277575e+01	1.813627e+03
2.450260e+01	1.817635e+03
2.629332e+01	1.821643e+03
2.826686e+01	1.825651e+03
3.029456e+01	1.829659e+03
3.254605e+01	1.833667e+03
3.488650e+01	1.837675e+03
3.740316e+01	1.841683e+03
4.010747e+01	1.845691e+03
4.290811e+01	1.849699e+03
4.585587e+01	1.853707e+03
4.874810e+01	1.857715e+03
5.197370e+01	1.861723e+03
5.526510e+01	1.865731e+03
5.881611e+01	1.869739e+03
6.256368e+01	1.873747e+03
6.645953e+01	1.877756e+03
7.071427e+01	1.881764e+03
7.498766e+01	1.885772e+03
7.975650e+01	1.889780e+03
8.458551e+01	1.893788e+03
8.981889e+01	1.897796e+03
9.528650e+01	1.901804e+03
1.010156e+02	1.905812e+03
1.071900e+02	1.909820e+03
1.134613e+02	1.913828e+03
1.204078e+02	1.917836e+03
1.274075e+02	1.921844e+03
1.350100e+02	1.925852e+03
1.428945e+02	1.929860e+03
1.512015e+02	1.933868e+03
1.600612e+02	1.937876e+03
1.691381e+02	1.941884e+03
1.790707e+02	1.945892e+03
1.891571e+02	1.949900e+03
2.000582e+02	1.953908e+03
2.113078e+02	1.957916e+03
2.231998e+02	1.961924e+03
2.357825e+02	1.965932e+03
2.487567e+02	1.969940e+03
2.628006e+02	1.973948e+03
2.771757e+02	1.977956e+03
2.926004e+02	1.981964e+03
3.085190e+02	1.985972e+03
3.253473e+02	1.989980e+03
3.430505e+02	1.993988e+03
3.613861e+02	1.997996e+03
3.810632e+02	2.002004e+03
4.013236e+02	2.006012e+03
4.228750e+02	2.010020e+03
4.452420e+02	2.014028e+03
4.688061e+02	2.018036e+03
4.935001e+02	2.022044e+03
5.191549e+02	2.026052e+03
5.464874e+02	2.030060e+03
5.747546e+02	2.034068e+03
6.046254e+02	2.038076e+03
6.357444e+02	2.042084e+03
6.683699e+02	2.046092e+03
7.026004e+02	2.050100e+03
7.381568e+02	2.054108e+03
7.758372e+02	2.058116e+03
8.149116e+02	2.062124e+03
8.560112e+02	2.066132e+03
8.989189e+02	2.070140e+03
9.437240e+02	2.074148e+03
9.908050e+02	2.078156e+03
