#pressure (bar)	 temperature (K)
1.003057e-06	6.883768e+02
1.164761e-06	6.905411e+02
1.350268e-06	6.927054e+02
1.562771e-06	6.948697e+02
1.807591e-06	6.970341e+02
2.091580e-06	6.991984e+02
2.416333e-06	7.013627e+02
2.787050e-06	7.035271e+02
3.209699e-06	7.056914e+02
3.701252e-06	7.078557e+02
4.261494e-06	7.100200e+02
4.899182e-06	7.121844e+02
5.623952e-06	7.143487e+02
6.458220e-06	7.165130e+02
7.411743e-06	7.186774e+02
8.493558e-06	7.208417e+02
9.719295e-06	7.230060e+02
1.111624e-05	7.251703e+02
1.271731e-05	7.273347e+02
1.452850e-05	7.294990e+02
1.657466e-05	7.316633e+02
1.888428e-05	7.338277e+02
2.153796e-05	7.359920e+02
2.453143e-05	7.381563e+02
2.790371e-05	7.403206e+02
3.169810e-05	7.424850e+02
3.602000e-05	7.446493e+02
4.090665e-05	7.468136e+02
4.639593e-05	7.489780e+02
5.255515e-05	7.511423e+02
5.950649e-05	7.533066e+02
6.738637e-05	7.554709e+02
7.621484e-05	7.576353e+02
8.609465e-05	7.597996e+02
9.714715e-05	7.619639e+02
1.097044e-04	7.641283e+02
1.237355e-04	7.662926e+02
1.393961e-04	7.684569e+02
1.568575e-04	7.706212e+02
1.765485e-04	7.727856e+02
1.985876e-04	7.749499e+02
2.231218e-04	7.771142e+02
2.504086e-04	7.792786e+02
2.809203e-04	7.814429e+02
3.151326e-04	7.836072e+02
3.531174e-04	7.857715e+02
3.952552e-04	7.879359e+02
4.420104e-04	7.901002e+02
4.944963e-04	7.922645e+02
5.526123e-04	7.944289e+02
6.169153e-04	7.965932e+02
6.880202e-04	7.987575e+02
7.673160e-04	8.009218e+02
8.551444e-04	8.030862e+02
9.521034e-04	8.052505e+02
1.059071e-03	8.074148e+02
1.177519e-03	8.095792e+02
1.308755e-03	8.117435e+02
1.453216e-03	8.139078e+02
1.612157e-03	8.160721e+02
1.787198e-03	8.182365e+02
1.981109e-03	8.204008e+02
2.194018e-03	8.225651e+02
2.427694e-03	8.247295e+02
2.684064e-03	8.268938e+02
2.966777e-03	8.290581e+02
3.277301e-03	8.312224e+02
3.617569e-03	8.333868e+02
3.990115e-03	8.355511e+02
4.399010e-03	8.377154e+02
4.848035e-03	8.398798e+02
5.338980e-03	8.420441e+02
5.875741e-03	8.442084e+02
6.462451e-03	8.463727e+02
7.107218e-03	8.485371e+02
7.810990e-03	8.507014e+02
8.578598e-03	8.528657e+02
9.415102e-03	8.550301e+02
1.033258e-02	8.571944e+02
1.133436e-02	8.593587e+02
1.242539e-02	8.615230e+02
1.361266e-02	8.636874e+02
1.490925e-02	8.658517e+02
1.632704e-02	8.680160e+02
1.786928e-02	8.701804e+02
1.954500e-02	8.723447e+02
2.136660e-02	8.745090e+02
2.336291e-02	8.766733e+02
2.553083e-02	8.788377e+02
2.788316e-02	8.810020e+02
3.043320e-02	8.831663e+02
3.322227e-02	8.853307e+02
3.625403e-02	8.874950e+02
3.953893e-02	8.896593e+02
4.309542e-02	8.918236e+02
4.696619e-02	8.939880e+02
5.118190e-02	8.961523e+02
5.574291e-02	8.983166e+02
6.067588e-02	9.004810e+02
6.601563e-02	9.026453e+02
7.184949e-02	9.048096e+02
7.815026e-02	9.069739e+02
8.495477e-02	9.091383e+02
9.230048e-02	9.113026e+02
1.003055e-01	9.134669e+02
1.089617e-01	9.156313e+02
1.182955e-01	9.177956e+02
1.283531e-01	9.199599e+02
1.392558e-01	9.221242e+02
1.510736e-01	9.242886e+02
1.637991e-01	9.264529e+02
1.774938e-01	9.286172e+02
1.922562e-01	9.307816e+02
2.082948e-01	9.329459e+02
2.255423e-01	9.351102e+02
2.440781e-01	9.372745e+02
2.639918e-01	9.394389e+02
2.855923e-01	9.416032e+02
3.088229e-01	9.437675e+02
3.337581e-01	9.459319e+02
3.605107e-01	9.480962e+02
3.893658e-01	9.502605e+02
4.204913e-01	9.524248e+02
4.538462e-01	9.545892e+02
4.895939e-01	9.567535e+02
5.279564e-01	9.589178e+02
5.694137e-01	9.610822e+02
6.137976e-01	9.632465e+02
6.612955e-01	9.654108e+02
7.120920e-01	9.675752e+02
7.669254e-01	9.697395e+02
8.256521e-01	9.719038e+02
8.884157e-01	9.740681e+02
9.554564e-01	9.762325e+02
1.027461e+00	9.783968e+02
1.104749e+00	9.805611e+02
1.187247e+00	9.827255e+02
1.275263e+00	9.848898e+02
1.369333e+00	9.870541e+02
1.470515e+00	9.892184e+02
1.578397e+00	9.913828e+02
1.693364e+00	9.935471e+02
1.815816e+00	9.957114e+02
1.947447e+00	9.978758e+02
2.087809e+00	1.000040e+03
2.237216e+00	1.002204e+03
2.396181e+00	1.004369e+03
2.566235e+00	1.006533e+03
2.747962e+00	1.008697e+03
2.941182e+00	1.010862e+03
3.146511e+00	1.013026e+03
3.365156e+00	1.015190e+03
3.599308e+00	1.017355e+03
3.847963e+00	1.019519e+03
4.111930e+00	1.021683e+03
4.392015e+00	1.023848e+03
4.691888e+00	1.026012e+03
5.010377e+00	1.028176e+03
5.348067e+00	1.030341e+03
5.705967e+00	1.032505e+03
6.087424e+00	1.034669e+03
6.493264e+00	1.036834e+03
6.923208e+00	1.038998e+03
7.378411e+00	1.041162e+03
7.861212e+00	1.043327e+03
8.376059e+00	1.045491e+03
8.920593e+00	1.047655e+03
9.499499e+00	1.049820e+03
1.011479e+01	1.051984e+03
1.077033e+01	1.054148e+03
1.146613e+01	1.056313e+03
1.220171e+01	1.058477e+03
1.297901e+01	1.060641e+03
1.379678e+01	1.062806e+03
1.467100e+01	1.064970e+03
1.559416e+01	1.067134e+03
1.656862e+01	1.069299e+03
1.758683e+01	1.071463e+03
1.868045e+01	1.073627e+03
1.983409e+01	1.075792e+03
2.105055e+01	1.077956e+03
2.231809e+01	1.080120e+03
2.367835e+01	1.082285e+03
2.511418e+01	1.084449e+03
2.662670e+01	1.086613e+03
2.820854e+01	1.088778e+03
2.988625e+01	1.090942e+03
3.166645e+01	1.093106e+03
3.353991e+01	1.095271e+03
3.550376e+01	1.097435e+03
3.757030e+01	1.099599e+03
3.976933e+01	1.101764e+03
4.208143e+01	1.103928e+03
4.450803e+01	1.106092e+03
4.705100e+01	1.108257e+03
4.975611e+01	1.110421e+03
5.259952e+01	1.112585e+03
5.558476e+01	1.114749e+03
5.871653e+01	1.116914e+03
6.202450e+01	1.119078e+03
6.550947e+01	1.121242e+03
6.916685e+01	1.123407e+03
7.300933e+01	1.125571e+03
7.704789e+01	1.127735e+03
8.130519e+01	1.129900e+03
8.576875e+01	1.132064e+03
9.046633e+01	1.134228e+03
9.538896e+01	1.136393e+03
1.005725e+02	1.138557e+03
1.060029e+02	1.140721e+03
1.117232e+02	1.142886e+03
1.177174e+02	1.145050e+03
1.240064e+02	1.147214e+03
1.305968e+02	1.149379e+03
1.375365e+02	1.151543e+03
1.448120e+02	1.153707e+03
1.524254e+02	1.155872e+03
1.603926e+02	1.158036e+03
1.687794e+02	1.160200e+03
1.775828e+02	1.162365e+03
1.867861e+02	1.164529e+03
1.963949e+02	1.166693e+03
2.064970e+02	1.168858e+03
2.171172e+02	1.171022e+03
2.282128e+02	1.173186e+03
2.397799e+02	1.175351e+03
2.519079e+02	1.177515e+03
2.646830e+02	1.179679e+03
2.780216e+02	1.181844e+03
2.919233e+02	1.184008e+03
3.064374e+02	1.186172e+03
3.217618e+02	1.188337e+03
3.377520e+02	1.190501e+03
3.544311e+02	1.192665e+03
3.717483e+02	1.194830e+03
3.900805e+02	1.196994e+03
4.091977e+02	1.199158e+03
4.291275e+02	1.201323e+03
4.497966e+02	1.203487e+03
4.716474e+02	1.205651e+03
4.944425e+02	1.207816e+03
5.181924e+02	1.209980e+03
5.428565e+02	1.212144e+03
5.687905e+02	1.214309e+03
5.959012e+02	1.216473e+03
6.241307e+02	1.218637e+03
6.535086e+02	1.220802e+03
6.842023e+02	1.222966e+03
7.163642e+02	1.225130e+03
7.498337e+02	1.227295e+03
7.846545e+02	1.229459e+03
8.209867e+02	1.231623e+03
8.590458e+02	1.233788e+03
8.986294e+02	1.235952e+03
9.397875e+02	1.238116e+03
9.827100e+02	1.240281e+03
